NanoHarp 250 Histogram Data			02/04/2021 11:41:20 AM
#channels per curve
1075
#display curve no.
0	1	2	3	
#memory block no.
0	1	2	3	
#ns/channel
1024.0000	1024.0000	1024.0000	1024.0000	
#counts
16	3	8	11	
22	4	12	22	
18	7	17	14	
19	8	15	19	
26	9	23	22	
20	16	27	16	
33	13	42	33	
37	26	56	25	
35	33	83	57	
46	40	116	59	
53	66	165	82	
82	86	204	120	
86	105	232	161	
95	125	334	219	
128	192	347	270	
144	201	490	285	
150	209	563	361	
178	230	634	424	
206	279	736	524	
239	320	836	567	
238	354	869	640	
273	418	960	762	
343	429	1108	878	
351	468	1203	943	
405	511	1249	1051	
422	554	1341	1123	
402	628	1445	1285	
505	651	1524	1364	
564	727	1602	1381	
553	751	1729	1506	
621	821	1790	1541	
632	816	1891	1653	
665	906	1914	1744	
686	1016	1936	1809	
763	972	2097	1889	
777	1063	2132	1969	
774	1126	2259	2060	
881	1188	2208	2174	
887	1190	2309	2213	
961	1310	2386	2262	
957	1324	2473	2282	
1015	1383	2555	2398	
1039	1392	2568	2390	
1089	1471	2519	2451	
1116	1505	2613	2583	
1170	1525	2690	2584	
1211	1628	2773	2650	
1271	1624	2786	2708	
1317	1646	2864	2715	
1292	1718	2853	2801	
1405	1738	2923	2814	
1366	1708	2917	2841	
1418	1816	2961	2871	
1411	1864	3000	2940	
1466	1926	3007	2980	
1512	1935	3047	2983	
1569	2021	3080	3011	
1647	2056	3093	3090	
1604	2046	3139	3102	
1659	2100	3112	3120	
1720	2174	3202	3160	
1779	2171	3115	3192	
1738	2160	3221	3195	
1874	2213	3219	3235	
1776	2295	3285	3305	
1827	2317	3291	3282	
1850	2243	3313	3286	
1894	2322	3293	3349	
1906	2324	3379	3364	
1926	2442	3323	3354	
2113	2424	3418	3386	
1966	2464	3367	3373	
2178	2526	3427	3393	
2045	2506	3419	3408	
2099	2560	3440	3413	
2129	2594	3448	3456	
2183	2574	3530	3489	
2266	2588	3479	3533	
2239	2636	3489	3518	
2226	2620	3454	3537	
2302	2728	3548	3531	
2319	2667	3521	3555	
2388	2765	3613	3587	
2359	2678	3592	3594	
2393	2833	3591	3620	
2346	2755	3608	3621	
2433	2841	3620	3620	
2438	2865	3601	3635	
2544	2915	3647	3645	
2505	2943	3628	3647	
2479	2961	3655	3622	
2526	2939	3637	3649	
2543	2940	3612	3658	
2618	2999	3686	3714	
2575	3050	3668	3702	
2643	2982	3669	3695	
2668	3060	3628	3692	
2683	3037	3663	3709	
2645	3084	3629	3737	
2669	3051	3775	3735	
2787	3078	3682	3767	
2720	3087	3667	3771	
2770	3125	3764	3781	
2844	3216	3716	3771	
2787	3166	3695	3768	
2757	3195	3704	3757	
2865	3234	3706	3754	
2873	3266	3744	3759	
2946	3269	3741	3790	
2902	3129	3759	3823	
2866	3219	3820	3802	
2931	3272	3745	3805	
2968	3212	3744	3818	
2895	3323	3747	3840	
2968	3289	3830	3805	
2986	3335	3798	3833	
2934	3288	3789	3784	
3131	3355	3773	3824	
2974	3307	3776	3848	
3056	3390	3833	3816	
3026	3389	3802	3852	
3195	3414	3760	3857	
3064	3409	3821	3844	
3133	3452	3841	3875	
3243	3406	3849	3887	
3145	3458	3833	3840	
3226	3423	3813	3903	
3161	3444	3828	3874	
3186	3482	3838	3884	
3110	3488	3837	3900	
3204	3487	3842	3871	
3282	3485	3876	3923	
3242	3488	3858	3903	
3204	3529	3853	3916	
3315	3520	3855	3934	
3467	3610	3896	3926	
3400	3647	3887	3925	
3350	3633	3847	3933	
3326	3591	3835	3926	
3316	3610	3907	3905	
3408	3639	3882	3918	
3447	3578	3866	3962	
3284	3685	3869	3938	
3410	3633	3904	3895	
3413	3561	3882	3926	
3450	3656	3931	3905	
3443	3601	3863	3907	
3547	3622	3925	3926	
3493	3720	3870	3973	
3451	3697	3887	3944	
3576	3648	3959	3975	
3481	3656	3904	3918	
3580	3683	3906	3938	
3524	3709	3869	3932	
3553	3688	3967	3926	
3507	3774	3933	3962	
3653	3725	3895	3930	
3551	3717	3919	3916	
3589	3714	3963	3978	
3603	3780	3942	3918	
3608	3787	3913	3930	
3591	3827	3899	3936	
3527	3813	3936	3957	
3656	3829	3918	3956	
3533	3757	3919	3914	
3584	3820	3933	3916	
3522	3838	3957	3964	
3672	3809	3938	3939	
3693	3845	3934	3942	
3670	3835	3952	3961	
3671	3789	3889	3929	
3647	3743	3958	3949	
3784	3835	3972	3964	
3729	3800	3969	3954	
3692	3887	3969	4007	
3679	3816	3972	3987	
3724	3839	3947	3956	
3711	3853	3944	3958	
3786	3846	3942	3955	
3703	3839	3953	3944	
3723	3851	3955	3984	
3772	3894	3991	3981	
3771	3943	3942	3994	
3800	3867	3906	3991	
3775	3978	3950	3978	
3753	3993	3964	3968	
3887	3980	3968	3963	
3854	3934	4007	4017	
3817	3951	3984	4013	
3844	3961	3945	3989	
3903	3999	3975	3970	
3869	3842	3991	3972	
3806	3965	3949	3997	
3896	3906	3986	3971	
4001	4003	3967	3985	
3819	3928	4000	3991	
3872	3966	3976	3980	
3872	3950	3994	3960	
3896	3957	3909	3963	
3889	3929	4020	3988	
3987	3943	3945	3961	
3835	3959	3982	3978	
3904	3979	3931	3953	
3852	3996	3936	3977	
3924	3936	3918	3964	
3908	3900	3906	3983	
3779	3915	3883	3947	
3861	3954	3900	3951	
3823	3891	3833	3951	
3820	3915	3844	3937	
3735	3923	3821	3922	
3757	3938	3863	3916	
3917	3861	3796	3911	
3737	3829	3793	3913	
3694	3797	3723	3907	
3750	3847	3790	3926	
3744	3812	3769	3888	
3728	3781	3750	3895	
3722	3714	3715	3887	
3714	3757	3719	3906	
3591	3749	3668	3895	
3555	3641	3629	3863	
3632	3689	3601	3873	
3589	3649	3661	3859	
3578	3650	3590	3864	
3499	3628	3623	3840	
3554	3607	3600	3815	
3516	3582	3589	3809	
3393	3635	3571	3828	
3393	3614	3484	3814	
3436	3550	3498	3818	
3502	3576	3525	3826	
3384	3526	3510	3775	
3426	3539	3513	3812	
3400	3554	3441	3801	
3432	3461	3481	3770	
3330	3505	3454	3763	
3335	3399	3414	3738	
3329	3400	3421	3746	
3348	3454	3405	3744	
3221	3383	3351	3687	
3288	3372	3381	3730	
3318	3394	3331	3704	
3185	3435	3316	3698	
3233	3264	3362	3678	
3199	3365	3306	3683	
3203	3301	3287	3660	
3149	3320	3228	3652	
3162	3243	3253	3632	
3123	3248	3267	3659	
3020	3259	3220	3628	
3099	3192	3223	3671	
3125	3172	3167	3611	
2953	3238	3193	3614	
3059	3223	3143	3568	
3126	3201	3112	3570	
3022	3151	3133	3581	
2956	3118	3151	3551	
2918	3080	3078	3549	
2937	3134	3093	3543	
2845	3070	3076	3558	
2926	3016	3087	3550	
2961	3030	3056	3518	
2822	3017	3065	3496	
2916	3050	3018	3476	
2980	3044	2998	3447	
2899	3022	3030	3472	
2821	2950	2943	3440	
2684	2962	2930	3471	
2829	2867	2957	3440	
2815	2866	2916	3419	
2775	2894	2898	3427	
2804	2848	2896	3401	
2669	2805	2875	3432	
2757	2887	2889	3431	
2685	2837	2816	3369	
2682	2728	2841	3377	
2711	2754	2844	3336	
2600	2739	2847	3379	
2592	2699	2845	3311	
2591	2725	2751	3362	
2680	2731	2767	3305	
2614	2686	2728	3319	
2535	2672	2764	3279	
2646	2652	2760	3294	
2585	2662	2738	3282	
2621	2744	2722	3252	
2492	2659	2762	3264	
2575	2573	2644	3233	
2552	2600	2652	3273	
2563	2663	2690	3243	
2514	2604	2701	3202	
2532	2514	2597	3225	
2482	2517	2546	3184	
2511	2489	2580	3142	
2379	2532	2587	3116	
2527	2467	2587	3178	
2459	2416	2601	3151	
2372	2460	2568	3148	
2352	2404	2572	3104	
2368	2420	2493	3118	
2355	2344	2551	3149	
2416	2433	2537	3085	
2270	2360	2442	3077	
2254	2397	2516	3092	
2273	2339	2424	3072	
2270	2331	2457	3047	
2198	2233	2420	3045	
2233	2251	2393	3012	
2163	2282	2357	2983	
2305	2306	2363	2937	
2223	2263	2420	2951	
2244	2255	2372	2971	
2197	2167	2403	2951	
2269	2244	2320	2944	
2208	2204	2313	2911	
2154	2182	2319	2925	
2174	2170	2252	2935	
2252	2244	2328	2889	
2100	2146	2282	2900	
2111	2151	2247	2855	
2109	2149	2319	2918	
2015	2114	2196	2863	
2165	2126	2282	2816	
2127	2099	2249	2823	
2073	2105	2253	2814	
2017	2044	2136	2834	
2013	2046	2191	2803	
1988	2084	2161	2805	
2095	2028	2162	2757	
2065	1995	2146	2786	
2109	2006	2136	2728	
2035	1992	2079	2718	
2071	1951	2116	2721	
2051	2033	2112	2701	
2116	1935	2071	2656	
1891	1934	2063	2736	
1901	1909	2008	2651	
1934	1903	2032	2690	
2011	1949	2003	2643	
1930	1893	2041	2625	
1907	1876	1999	2572	
1935	1926	2037	2613	
1895	1816	2019	2617	
1925	1823	1967	2594	
1958	1841	1973	2556	
1852	1794	2000	2559	
1899	1792	1980	2545	
1885	1799	1840	2557	
1805	1814	1932	2531	
1842	1775	1886	2488	
1821	1795	1941	2533	
1795	1670	1881	2502	
1798	1757	1980	2469	
1844	1748	1845	2452	
1771	1721	1861	2493	
1801	1651	1864	2426	
1762	1781	1801	2447	
1788	1711	1797	2414	
1773	1694	1755	2403	
1742	1639	1778	2393	
1761	1719	1849	2372	
1742	1615	1764	2347	
1779	1682	1771	2352	
1691	1638	1744	2331	
1704	1610	1722	2344	
1644	1607	1738	2343	
1545	1631	1692	2299	
1720	1602	1754	2322	
1596	1589	1732	2282	
1691	1538	1698	2244	
1641	1603	1722	2290	
1618	1557	1699	2226	
1682	1552	1708	2233	
1607	1575	1696	2244	
1560	1540	1651	2235	
1591	1547	1638	2204	
1686	1505	1635	2167	
1633	1546	1632	2208	
1609	1440	1637	2138	
1568	1360	1591	2167	
1556	1475	1628	2171	
1606	1412	1644	2133	
1532	1444	1567	2188	
1465	1385	1577	2098	
1532	1391	1593	2128	
1531	1419	1509	2070	
1529	1443	1481	2073	
1527	1410	1519	2057	
1502	1401	1557	2044	
1560	1355	1537	2028	
1469	1308	1518	1996	
1561	1368	1444	2044	
1408	1358	1468	2032	
1446	1328	1496	1976	
1502	1382	1501	1998	
1458	1314	1483	2022	
1486	1337	1465	1986	
1496	1258	1435	1943	
1437	1356	1441	1956	
1435	1260	1462	1942	
1448	1310	1462	1909	
1440	1293	1409	1895	
1452	1312	1428	1848	
1366	1242	1435	1876	
1375	1281	1380	1842	
1421	1317	1391	1846	
1443	1206	1391	1844	
1286	1179	1420	1836	
1362	1275	1369	1810	
1350	1197	1328	1822	
1309	1151	1363	1773	
1370	1261	1277	1795	
1350	1134	1313	1746	
1313	1163	1344	1760	
1324	1149	1295	1681	
1294	1152	1282	1772	
1324	1170	1275	1731	
1329	1223	1287	1678	
1225	1142	1293	1701	
1295	1115	1258	1700	
1301	1146	1232	1661	
1302	1124	1273	1765	
1302	1174	1228	1658	
1255	1144	1237	1697	
1261	1127	1259	1640	
1257	1105	1230	1641	
1299	1090	1174	1600	
1263	1055	1221	1640	
1249	1080	1202	1597	
1287	1086	1140	1645	
1216	1099	1224	1599	
1254	1037	1160	1630	
1226	1063	1199	1597	
1217	1063	1231	1560	
1173	1018	1173	1510	
1120	1015	1162	1558	
1194	1030	1192	1521	
1156	1064	1108	1517	
1200	981	1146	1537	
1161	976	1185	1493	
1159	1022	1160	1450	
1172	987	1140	1481	
1177	985	1138	1457	
1130	1045	1055	1435	
1201	988	1124	1467	
1122	1011	1137	1463	
1198	922	1097	1394	
1192	901	1092	1381	
1114	904	1099	1409	
1138	974	1065	1412	
1149	954	1118	1414	
1146	964	1031	1375	
1083	914	995	1385	
1056	899	1042	1386	
1106	926	1047	1369	
1103	889	1031	1293	
1094	935	1042	1345	
1144	877	1012	1369	
1111	879	1002	1311	
1074	847	987	1317	
1071	938	999	1323	
1069	881	958	1368	
1092	905	995	1282	
1094	851	1011	1289	
1102	827	952	1281	
1043	834	973	1304	
1048	833	947	1249	
1053	891	1013	1222	
1090	857	972	1206	
1037	848	984	1272	
1053	846	975	1259	
1024	839	915	1229	
1045	796	935	1209	
1002	814	933	1216	
991	772	908	1220	
1055	811	927	1155	
982	795	909	1137	
1024	772	960	1193	
1004	824	899	1123	
946	773	898	1192	
975	795	912	1153	
969	717	941	1123	
999	742	876	1148	
939	783	880	1124	
1023	779	895	1101	
913	760	851	1150	
955	743	880	1108	
932	735	838	1112	
980	713	823	1055	
958	728	825	1057	
944	727	861	1082	
907	723	872	1101	
949	713	846	1042	
889	714	802	1074	
922	729	831	1012	
916	676	850	1024	
901	731	785	1021	
959	684	829	1011	
944	672	827	1011	
943	723	811	974	
942	686	753	988	
882	677	765	978	
858	693	768	997	
844	685	816	987	
863	646	758	981	
868	636	758	959	
839	673	765	937	
856	639	806	965	
851	646	756	945	
841	668	734	896	
883	653	775	918	
878	673	715	907	
893	646	762	946	
814	593	777	920	
863	596	708	902	
863	631	741	883	
812	624	684	894	
835	597	752	845	
824	627	718	852	
837	645	762	881	
852	640	717	849	
909	621	683	860	
865	624	697	858	
861	639	683	828	
829	577	685	866	
824	573	689	861	
799	577	695	815	
793	598	636	859	
814	587	701	799	
781	573	695	828	
793	643	668	822	
762	550	690	798	
780	587	637	840	
837	528	685	795	
780	561	669	776	
763	546	612	781	
774	558	655	832	
770	551	666	807	
772	515	604	723	
795	578	659	720	
818	540	685	747	
729	595	619	751	
732	516	602	752	
758	535	639	751	
789	529	581	743	
750	556	641	718	
735	539	590	732	
750	544	619	729	
727	499	613	733	
710	527	618	730	
706	503	601	712	
714	496	600	668	
707	504	610	671	
712	483	600	672	
718	511	564	648	
726	523	588	685	
737	525	575	681	
666	510	596	649	
697	508	541	640	
722	481	531	628	
718	503	545	644	
711	522	543	619	
717	529	573	635	
708	462	534	651	
696	486	526	642	
731	463	528	621	
734	461	489	671	
655	471	583	598	
669	484	515	613	
722	406	570	632	
667	466	555	668	
653	463	497	621	
640	451	506	608	
665	406	543	635	
686	420	513	585	
648	419	493	592	
659	423	506	576	
643	459	525	623	
632	446	560	568	
621	446	513	581	
590	406	483	575	
664	434	477	560	
646	397	504	537	
671	445	482	551	
562	441	492	576	
670	450	457	548	
596	416	517	544	
638	392	492	518	
599	425	480	545	
664	418	464	503	
633	415	481	566	
579	386	464	526	
585	409	459	515	
622	405	479	500	
600	357	476	521	
601	384	480	505	
614	400	421	511	
570	414	460	546	
618	401	453	479	
573	355	485	472	
602	375	502	507	
621	376	466	498	
600	370	481	486	
601	383	452	478	
614	403	467	459	
579	405	465	473	
538	392	458	443	
549	356	456	490	
559	369	492	442	
566	357	428	484	
582	362	449	452	
571	358	442	474	
565	364	438	463	
548	361	413	457	
591	376	389	450	
592	341	402	469	
591	367	408	464	
527	338	442	469	
555	371	416	478	
564	357	410	441	
507	325	434	448	
536	330	412	426	
534	327	400	436	
575	377	390	434	
532	341	409	428	
591	364	401	423	
530	307	405	431	
558	334	368	429	
567	338	369	411	
546	344	375	427	
566	339	381	410	
500	334	410	368	
532	360	354	402	
536	307	367	431	
513	338	412	420	
496	317	377	417	
520	346	353	397	
521	347	358	394	
536	326	374	406	
513	323	380	354	
530	298	376	373	
495	336	367	389	
524	298	348	370	
522	313	389	378	
475	307	365	353	
496	300	388	368	
523	313	375	345	
515	281	370	362	
519	295	352	341	
499	281	353	383	
467	286	324	349	
466	292	337	368	
520	282	360	373	
491	325	336	386	
504	305	341	367	
481	289	349	353	
494	265	319	352	
482	305	355	323	
473	274	356	378	
468	266	328	320	
467	277	362	339	
510	276	333	315	
476	248	338	286	
479	272	324	329	
483	269	317	357	
464	254	338	342	
460	282	294	331	
457	245	316	302	
434	267	340	309	
460	293	343	322	
460	286	322	321	
439	248	330	355	
428	297	288	333	
479	260	292	319	
458	278	324	315	
464	242	289	320	
414	245	316	286	
430	248	310	314	
477	258	315	296	
471	244	316	309	
426	290	298	285	
397	214	316	300	
399	268	363	269	
417	265	274	280	
448	265	304	282	
472	263	293	325	
447	241	254	280	
423	253	300	276	
412	222	314	307	
414	219	286	311	
441	229	301	287	
436	235	292	277	
407	229	274	300	
391	239	300	273	
384	230	284	269	
441	261	283	301	
414	236	287	266	
399	222	291	289	
413	189	282	268	
377	236	270	251	
457	222	265	291	
413	236	266	252	
422	215	294	257	
415	239	259	264	
436	233	262	270	
391	247	262	263	
380	234	263	265	
411	219	272	244	
383	212	273	244	
405	232	283	243	
361	224	273	251	
417	221	298	224	
403	204	279	249	
372	225	257	220	
369	210	272	218	
408	217	284	248	
428	218	269	256	
369	199	244	249	
396	225	223	217	
413	221	226	245	
367	237	272	244	
378	208	256	252	
391	209	253	269	
371	189	243	229	
353	191	250	224	
335	222	258	259	
370	196	228	208	
368	210	266	227	
384	214	272	236	
382	203	229	226	
422	189	225	220	
355	169	248	216	
406	195	252	222	
368	193	251	220	
350	173	212	213	
365	186	233	211	
381	200	207	211	
378	195	222	207	
345	187	215	226	
394	188	222	244	
385	185	226	206	
366	180	212	234	
365	183	199	213	
341	181	223	222	
336	176	220	199	
341	197	230	201	
341	190	215	216	
327	173	233	205	
354	191	220	225	
311	168	227	207	
362	202	231	211	
350	168	215	199	
313	189	217	194	
371	182	217	197	
318	196	184	209	
335	187	215	217	
351	183	220	183	
324	167	214	176	
327	184	215	177	
370	157	211	199	
341	166	207	192	
318	178	220	177	
284	170	208	185	
326	145	211	193	
355	181	206	206	
314	166	217	190	
350	158	204	186	
320	175	182	192	
295	170	216	167	
342	153	197	169	
337	153	220	192	
317	159	204	157	
361	160	195	198	
320	178	188	198	
337	168	196	174	
307	154	233	194	
332	166	191	167	
309	159	168	171	
315	173	197	175	
302	153	186	155	
320	182	188	190	
295	167	216	161	
346	147	196	178	
320	166	193	181	
305	160	212	167	
323	147	181	192	
322	130	187	156	
303	158	195	171	
307	173	168	146	
296	155	184	134	
326	144	193	171	
286	138	172	169	
289	142	176	187	
312	174	183	186	
307	142	162	175	
290	159	158	170	
296	165	201	183	
263	141	163	160	
292	143	187	163	
262	168	167	149	
284	161	157	178	
313	137	179	144	
281	129	168	151	
301	140	182	178	
265	138	196	157	
289	151	187	162	
287	147	165	158	
304	144	176	169	
284	129	203	157	
317	127	184	150	
278	146	182	149	
304	143	162	129	
288	130	166	157	
272	137	156	162	
290	136	161	146	
288	131	156	162	
283	153	161	141	
302	157	162	120	
273	143	168	180	
270	130	156	174	
298	122	160	125	
262	125	147	146	
291	145	153	124	
277	125	184	144	
280	143	187	140	
274	140	164	135	
266	116	162	125	
303	146	168	125	
258	140	147	140	
263	115	157	150	
268	130	166	145	
288	144	153	134	
253	158	124	152	
278	108	157	131	
259	142	142	137	
255	126	131	151	
243	128	165	126	
254	139	171	144	
246	106	157	122	
281	105	167	128	
232	106	156	129	
273	138	144	119	
219	137	124	133	
225	119	145	112	
255	116	137	127	
229	116	146	151	
254	126	152	111	
275	107	143	138	
244	101	145	132	
259	122	144	122	
270	108	151	111	
250	122	160	141	
241	114	141	130	
276	117	140	134	
236	131	150	111	
252	104	148	123	
249	121	142	125	
258	98	146	123	
243	114	151	112	
257	121	128	117	
235	105	151	110	
247	103	127	110	
282	119	146	141	
244	100	137	132	
230	117	135	126	
209	105	133	120	
240	115	148	132	
259	98	125	102	
237	104	123	119	
245	104	124	108	
235	121	113	109	
251	112	146	114	
231	95	156	118	
245	104	126	109	
241	105	117	118	
229	99	146	111	
211	123	139	120	
236	113	132	95	
238	102	130	108	
233	88	134	123	
221	105	138	119	
216	84	117	109	
190	92	136	91	
213	110	128	97	
217	92	111	96	
188	108	138	108	
213	116	130	90	
221	89	113	98	
223	90	135	118	
204	93	117	91	
217	110	130	99	
183	87	122	100	
230	82	110	101	
205	75	137	103	
222	90	137	112	
195	110	123	99	
203	114	111	110	
218	100	118	119	
237	83	130	91	
232	67	122	107	
196	101	116	86	
184	78	112	113	
215	90	123	106	
215	84	142	84	
174	85	103	90	
217	84	114	97	
218	98	109	98	
206	86	126	92	
206	76	127	87	
208	91	112	100	
199	82	113	90	
239	86	101	108	
224	93	129	97	
205	87	112	86	
211	88	115	81	
190	89	98	89	
194	103	99	90	
185	81	108	84	
185	71	124	88	
221	89	104	83	
199	97	105	79	
198	112	128	90	
205	90	114	84	
205	84	108	108	
209	94	122	83	
186	80	97	94	
187	88	124	89	
213	88	110	83	
208	93	128	91	
188	68	107	103	
202	85	108	85	
190	78	125	86	
203	101	97	68	
204	85	112	86	
189	74	104	81	
187	90	108	102	
201	98	103	82	
204	76	100	89	
166	76	116	94	
173	98	116	91	
177	94	100	104	
197	85	97	77	
184	79	124	80	
181	93	94	102	
183	99	98	93	
172	77	98	89	
199	91	98	76	
164	78	96	85	
191	69	99	77	
198	82	85	64	
166	75	99	88	
196	68	89	73	
181	88	88	77	
152	82	90	84	
164	77	99	95	
185	73	98	82	
174	74	97	74	
182	56	87	70	
180	79	113	93	
178	75	91	84	
195	87	101	83	
184	78	98	75	
181	79	93	81	
176	78	90	78	
180	69	75	66	
169	78	92	67	
145	80	97	65	
206	72	88	90	
160	73	106	76	
175	81	108	67	
156	63	105	84	
165	84	72	67	
153	69	83	92	
186	65	89	72	
195	48	87	82	
158	72	70	74	
159	60	86	80	
172	78	84	73	
176	75	109	71	
161	64	76	77	
166	65	85	76	
177	69	76	72	
155	76	86	61	
158	81	91	74	
165	70	84	68	
149	74	88	76	
180	76	87	79	
168	75	74	85	
177	66	109	60	
168	60	99	77	
162	59	97	83	
139	76	88	66	
156	66	98	60	
174	69	88	74	
161	80	93	66	
147	66	92	61	
155	68	90	82	
167	54	89	79	
132	61	84	81	
137	77	79	72	
146	54	76	80	
177	79	83	70	
153	71	69	73	
143	52	100	71	
168	61	82	70	
158	59	73	81	
169	72	87	63	
167	69	70	66	
169	73	71	62	
140	68	78	75	
169	71	80	71	
171	66	88	67	
163	62	66	67	
167	64	73	60	
142	77	90	82	
132	60	80	68	
151	70	91	65	
169	75	62	71	
180	69	88	63	
154	71	84	64	
164	62	80	71	
144	62	73	62	
164	50	88	70	
0	0	0	0	
0	0	0	0	
0	0	0	0	
0	0	0	0	
0	0	0	0	
0	0	0	0	
0	0	0	0	
0	0	0	0	
0	0	0	0	
0	0	0	0	
0	0	0	0	
0	0	0	0	
0	0	0	0	
0	0	0	0	
0	0	0	0	
0	0	0	0	
0	0	0	0	
0	0	0	0	
0	0	0	0	
0	0	0	0	
0	0	0	0	
0	0	0	0	
0	0	0	0	
0	0	0	0	
0	0	0	0	
0	0	0	0	
0	0	0	0	
0	0	0	0	
0	0	0	0	
0	0	0	0	
0	0	0	0	
0	0	0	0	
0	0	0	0	
0	0	0	0	
0	0	0	0	
0	0	0	0	
0	0	0	0	
0	0	0	0	
0	0	0	0	
0	0	0	0	
0	0	0	0	
0	0	0	0	
0	0	0	0	
0	0	0	0	
0	0	0	0	
0	0	0	0	
0	0	0	0	
0	0	0	0	
0	0	0	0	
0	0	0	0	
0	0	0	0	
