NanoHarp 250 Histogram Data			02/04/2021 11:01:44 AM
#channels per curve
1075
#display curve no.
1	2	3	4	5	6	
#memory block no.
1	2	3	4	5	6	
#ns/channel
1024.0000	1024.0000	1024.0000	1024.0000	1024.0000	1024.0000	
#counts
18	17	8	17	17	10	
19	12	9	15	14	17	
10	10	11	18	11	22	
21	12	15	16	19	17	
24	16	23	19	25	25	
32	13	28	39	33	34	
31	26	47	55	27	53	
34	30	59	80	31	65	
54	47	92	109	32	82	
64	40	107	161	50	114	
80	52	130	212	70	150	
101	69	168	248	73	204	
113	99	241	327	89	257	
127	104	284	341	95	276	
157	133	316	429	148	311	
186	142	399	484	144	427	
218	165	381	561	206	421	
224	199	456	633	208	525	
259	235	585	662	248	594	
303	234	640	758	232	663	
291	262	692	870	309	766	
353	274	659	939	355	792	
390	334	778	974	376	886	
403	345	824	1039	372	904	
407	394	913	1117	462	1019	
453	446	924	1235	488	1098	
514	439	967	1263	532	1098	
498	525	1158	1317	568	1204	
562	575	1177	1422	612	1310	
582	574	1228	1452	600	1346	
664	634	1243	1488	680	1473	
636	650	1334	1645	702	1468	
670	666	1393	1707	672	1529	
732	708	1479	1725	777	1667	
779	747	1547	1752	797	1670	
755	834	1562	1819	898	1695	
757	845	1605	1959	866	1779	
902	857	1717	1930	998	1840	
865	968	1751	1964	949	1856	
911	944	1859	1975	980	1905	
986	999	1802	2114	1029	1924	
977	1042	1890	2117	1126	1999	
1033	998	2009	2177	1077	2051	
1006	1142	2004	2194	1267	2079	
1092	1173	2073	2328	1238	2169	
1109	1233	2107	2325	1238	2156	
1159	1220	2118	2327	1276	2191	
1143	1256	2185	2377	1305	2308	
1158	1350	2205	2389	1327	2288	
1265	1317	2247	2486	1338	2302	
1208	1406	2275	2474	1421	2359	
1328	1419	2344	2510	1492	2399	
1369	1417	2331	2550	1561	2398	
1361	1404	2358	2601	1572	2533	
1452	1509	2442	2697	1544	2500	
1419	1576	2513	2689	1536	2497	
1474	1570	2487	2736	1658	2520	
1525	1649	2620	2762	1657	2578	
1471	1709	2584	2789	1650	2644	
1619	1671	2628	2846	1761	2684	
1601	1823	2648	2842	1775	2675	
1602	1739	2706	2868	1809	2686	
1672	1795	2776	2906	1775	2752	
1627	1823	2753	3004	1854	2690	
1702	1843	2796	3004	1819	2802	
1814	1845	2782	2992	1977	2837	
1688	1878	2834	3060	1937	2812	
1816	1904	2846	2956	2010	2831	
1776	2039	2805	3095	1974	2878	
1851	2021	2894	2978	1996	2865	
1820	2054	2909	3051	2101	2918	
1884	2054	2889	3068	2157	2939	
1890	2098	2913	3136	2155	2899	
1869	2113	2919	3158	2170	2939	
1998	2114	3017	3206	2143	2969	
1980	2204	2966	3236	2249	2969	
2020	2231	3103	3224	2226	2976	
2068	2290	3122	3237	2316	2996	
2040	2242	3115	3205	2211	3020	
2085	2252	3114	3259	2272	3082	
2146	2292	3124	3247	2264	3038	
2135	2346	3182	3215	2393	3098	
2134	2311	3124	3244	2285	3113	
2162	2453	3176	3419	2362	3103	
2162	2386	3262	3288	2437	3177	
2254	2419	3240	3296	2484	3139	
2227	2476	3282	3446	2473	3180	
2255	2438	3200	3432	2500	3247	
2319	2537	3324	3325	2477	3205	
2271	2532	3269	3462	2597	3180	
2312	2554	3297	3422	2637	3264	
2447	2610	3267	3398	2601	3260	
2348	2597	3300	3405	2596	3238	
2420	2655	3290	3473	2664	3281	
2395	2576	3350	3405	2620	3331	
2394	2685	3329	3563	2760	3288	
2409	2750	3256	3618	2647	3343	
2544	2751	3416	3452	2747	3331	
2567	2779	3420	3467	2803	3323	
2545	2726	3396	3598	2782	3347	
2475	2711	3410	3522	2801	3398	
2568	2820	3427	3538	2789	3389	
2550	2776	3485	3596	2805	3416	
2528	2811	3433	3465	2880	3377	
2593	2889	3404	3617	2863	3456	
2696	2848	3412	3659	2939	3410	
2589	2859	3563	3535	2921	3445	
2631	2944	3503	3682	2831	3356	
2614	2929	3524	3476	2978	3510	
2680	2885	3424	3627	2948	3426	
2695	2918	3565	3615	2866	3448	
2768	3041	3458	3678	2969	3495	
2708	3030	3564	3625	3041	3453	
2817	3050	3608	3699	3048	3473	
2861	3013	3549	3737	2999	3511	
2877	3087	3597	3742	3125	3528	
2815	2999	3502	3660	3122	3465	
2881	3046	3569	3628	3092	3601	
2962	3090	3633	3691	3084	3577	
2859	3194	3608	3698	3162	3550	
2978	3184	3609	3694	3252	3507	
2987	3108	3676	3800	3193	3598	
3018	3127	3621	3840	3206	3546	
2920	3054	3593	3764	3165	3632	
2989	3088	3665	3775	3236	3610	
2984	3158	3635	3782	3145	3591	
3036	3202	3711	3746	3237	3624	
2990	3235	3583	3704	3307	3589	
3043	3229	3682	3871	3189	3598	
3096	3231	3672	3711	3382	3651	
3068	3308	3660	3756	3350	3685	
3095	3249	3711	3695	3372	3647	
3167	3307	3638	3734	3212	3662	
3114	3221	3760	3773	3333	3676	
3192	3259	3703	3709	3330	3708	
3130	3311	3719	3788	3336	3706	
3199	3313	3735	3696	3315	3672	
3234	3311	3678	3753	3383	3707	
3323	3324	3748	3864	3321	3673	
3287	3390	3784	3789	3297	3764	
3341	3434	3666	3860	3379	3707	
3273	3368	3694	3799	3465	3695	
3257	3390	3829	3809	3412	3714	
3287	3338	3762	3832	3493	3730	
3260	3467	3708	3808	3521	3728	
3328	3517	3815	3778	3457	3685	
3330	3402	3793	3799	3466	3765	
3376	3533	3766	3700	3538	3712	
3386	3490	3733	3837	3446	3773	
3348	3460	3835	3738	3475	3756	
3382	3440	3750	3799	3519	3770	
3439	3601	3723	3801	3514	3771	
3392	3536	3827	3888	3620	3767	
3414	3555	3834	3990	3622	3772	
3508	3567	3761	3922	3528	3793	
3439	3516	3792	3775	3560	3799	
3431	3536	3837	3849	3677	3804	
3453	3573	3814	3795	3531	3772	
3447	3570	3771	3799	3581	3739	
3507	3647	3821	3738	3591	3850	
3578	3592	3922	3882	3694	3820	
3460	3635	3859	3859	3629	3776	
3568	3639	3786	3864	3621	3813	
3602	3576	3876	3829	3607	3829	
3568	3699	3790	3889	3680	3831	
3593	3615	3813	3894	3661	3878	
3616	3635	3865	3894	3586	3798	
3622	3711	3894	3868	3757	3880	
3604	3736	3822	3907	3679	3868	
3632	3717	3830	3818	3592	3874	
3667	3650	3802	3943	3742	3887	
3644	3676	3811	3833	3636	3872	
3647	3748	3870	3810	3663	3887	
3623	3700	3926	3791	3714	3884	
3649	3753	3831	3948	3735	3851	
3723	3715	3834	3868	3715	3888	
3746	3791	3918	3937	3714	3843	
3775	3754	3851	3929	3777	3895	
3642	3741	3848	3849	3719	3936	
3802	3759	3939	3984	3854	3937	
3684	3717	3903	3777	3806	3865	
3752	3762	3849	3851	3767	3884	
3789	3783	3862	3838	3735	3911	
3679	3746	3939	3902	3769	3912	
3743	3810	3838	3919	3825	3913	
3753	3779	3861	3984	3826	3933	
3903	3779	3949	3941	3925	3984	
3753	3803	4002	3850	3820	3958	
3872	3893	3964	3936	3861	3952	
3891	3799	3957	3908	3644	3950	
3876	3761	3908	3891	3792	3955	
3962	3811	3873	3775	3798	3967	
3875	3867	3893	4000	3948	3921	
3850	3925	3921	3925	3802	3988	
3821	3878	3892	3831	3778	3956	
3783	3936	3935	3947	3893	3956	
3902	3905	3868	3982	3869	3941	
3900	3980	3922	3971	3907	3957	
3929	3940	3929	3816	3911	3969	
3888	3974	3942	3921	3875	3936	
3951	3845	3956	3859	4000	3996	
3886	3853	3905	3851	3908	3961	
3933	3831	3851	3802	3827	3965	
3986	3851	3955	3914	3804	3963	
3893	3892	3866	3924	3889	3969	
3935	3932	3760	3870	3828	4001	
3837	4007	3945	3803	3836	3997	
4000	3891	3857	3809	3768	3916	
3853	3871	3732	3867	3784	3971	
3866	3852	3743	3715	3804	3960	
3893	3807	3823	3702	3712	3953	
3943	3833	3734	3856	3855	3881	
3798	3829	3702	3679	3751	3898	
3859	3814	3713	3719	3706	3894	
3767	3734	3662	3620	3803	3871	
3767	3819	3704	3602	3734	3874	
3841	3737	3527	3564	3635	3869	
3702	3649	3602	3440	3699	3836	
3844	3706	3618	3528	3719	3855	
3747	3641	3583	3521	3715	3827	
3782	3738	3550	3482	3658	3824	
3762	3676	3441	3450	3717	3821	
3792	3688	3469	3490	3659	3828	
3676	3695	3424	3473	3650	3781	
3678	3616	3380	3383	3567	3718	
3646	3626	3429	3480	3466	3789	
3648	3532	3388	3339	3590	3750	
3641	3590	3410	3357	3505	3730	
3601	3562	3405	3374	3513	3754	
3611	3541	3338	3333	3543	3765	
3679	3586	3323	3290	3498	3709	
3560	3476	3293	3328	3462	3727	
3607	3446	3191	3191	3563	3715	
3571	3471	3228	3264	3462	3633	
3487	3564	3217	3186	3412	3665	
3494	3489	3224	3115	3278	3683	
3528	3411	3185	3199	3413	3679	
3485	3418	3162	3176	3363	3605	
3520	3399	3162	3071	3268	3651	
3432	3421	3069	3131	3286	3580	
3430	3387	3072	3104	3366	3617	
3412	3382	3077	3063	3219	3610	
3363	3383	3075	3149	3179	3583	
3416	3347	3047	3161	3254	3556	
3353	3303	3025	3031	3268	3475	
3442	3293	2943	3009	3362	3523	
3330	3299	2953	3005	3192	3482	
3358	3261	2930	2994	3109	3537	
3294	3222	3005	2939	3009	3512	
3258	3251	2858	2848	3072	3489	
3313	3186	2900	2956	3167	3478	
3299	3219	2903	2932	3192	3471	
3138	3191	2895	2932	3041	3404	
3270	3165	2836	2814	3017	3525	
3276	3185	2854	2903	3075	3465	
3195	3098	2716	2791	3035	3486	
3242	3062	2803	2796	3006	3403	
3253	3157	2805	2740	2959	3366	
3096	3091	2742	2814	2967	3359	
3161	3015	2779	2753	2978	3338	
3153	3046	2744	2707	2903	3391	
3071	3138	2731	2664	2950	3329	
3079	2999	2758	2695	3096	3356	
3073	3026	2670	2773	2992	3336	
3110	3012	2628	2649	2940	3312	
3090	2949	2622	2643	2878	3342	
3126	3022	2578	2667	2869	3296	
3119	2971	2569	2646	2930	3296	
2984	2983	2621	2552	2825	3269	
2998	3030	2573	2488	2861	3255	
2943	2896	2531	2537	2908	3282	
2983	2941	2465	2522	2918	3208	
3039	2868	2516	2581	2791	3205	
2929	2813	2448	2582	2747	3267	
2936	2819	2516	2501	2763	3192	
2848	2766	2515	2550	2670	3169	
2934	2826	2477	2533	2672	3174	
2799	2736	2424	2400	2770	3186	
2900	2714	2485	2514	2706	3167	
2822	2752	2373	2553	2703	3118	
2825	2735	2378	2366	2548	3161	
2835	2766	2322	2436	2613	3143	
2739	2707	2395	2457	2596	3112	
2793	2722	2382	2373	2640	3068	
2824	2670	2326	2323	2664	3102	
2783	2658	2322	2368	2574	3063	
2728	2672	2352	2332	2467	3090	
2796	2559	2317	2385	2492	3059	
2746	2699	2334	2281	2501	3035	
2778	2689	2239	2352	2560	3061	
2624	2615	2281	2320	2566	3035	
2628	2594	2196	2246	2497	2945	
2705	2637	2199	2275	2502	3035	
2566	2640	2232	2284	2478	3024	
2670	2575	2142	2219	2389	3021	
2701	2599	2133	2177	2487	2949	
2612	2620	2177	2333	2464	2923	
2527	2519	2142	2180	2406	2929	
2653	2488	2042	2191	2391	2938	
2593	2506	2100	2314	2396	2965	
2595	2411	2088	2213	2427	2898	
2673	2427	2135	2167	2338	2913	
2536	2479	2092	2287	2399	2876	
2567	2468	2060	2157	2367	2843	
2550	2413	2078	2144	2332	2832	
2537	2473	2059	2222	2333	2838	
2540	2460	2019	2113	2400	2808	
2481	2325	2015	2083	2348	2880	
2511	2430	2021	2152	2364	2853	
2485	2351	2022	1917	2239	2815	
2392	2336	1950	2098	2243	2732	
2428	2389	1965	2066	2230	2783	
2411	2310	1928	2176	2218	2744	
2462	2383	1927	2083	2344	2774	
2433	2238	1963	2054	2289	2750	
2407	2272	1891	1959	2261	2674	
2323	2304	1910	2015	2213	2727	
2346	2271	1918	1995	2228	2717	
2381	2257	1832	1910	2210	2719	
2267	2191	1917	2026	2108	2660	
2292	2199	1835	1929	2109	2651	
2327	2234	1774	1952	2099	2578	
2337	2192	1842	2009	2085	2668	
2322	2232	1790	1950	2178	2611	
2263	2192	1722	1931	2184	2632	
2243	2127	1773	1950	2127	2612	
2224	2188	1745	1971	2110	2636	
2252	2098	1722	1922	2149	2608	
2198	2146	1720	1874	2115	2502	
2136	2108	1766	1919	2058	2536	
2172	2136	1730	1837	2101	2577	
2159	2077	1710	1877	2001	2528	
2213	2058	1674	1825	2073	2529	
2184	2048	1711	1793	1945	2579	
2120	2077	1705	1742	2023	2526	
2196	2088	1659	1815	2011	2499	
2152	2047	1609	1853	1949	2492	
2111	2062	1654	1828	2002	2431	
2060	2018	1651	1789	1952	2534	
2108	1995	1608	1788	1963	2426	
2022	2015	1546	1777	2042	2504	
2065	2063	1579	1692	1957	2458	
2100	2056	1604	1714	2017	2395	
2079	1951	1602	1809	1964	2355	
2067	2020	1561	1803	1943	2403	
2066	1905	1576	1749	1880	2410	
1954	1923	1553	1726	1941	2388	
1998	1896	1552	1770	1851	2369	
1996	1965	1513	1733	1947	2419	
2025	1867	1526	1713	1900	2355	
2047	1912	1516	1653	1862	2332	
1914	1936	1479	1585	1824	2315	
2008	1894	1510	1634	1856	2349	
2002	1909	1447	1677	1844	2297	
1905	1831	1495	1663	1824	2371	
1907	1831	1480	1627	1691	2246	
1870	1811	1433	1583	1779	2320	
1936	1823	1425	1581	1768	2267	
1867	1907	1435	1580	1785	2301	
1931	1875	1411	1556	1787	2250	
1874	1819	1377	1645	1828	2268	
1935	1784	1406	1546	1792	2237	
1879	1827	1440	1626	1806	2260	
1909	1779	1384	1633	1784	2230	
1903	1699	1345	1560	1760	2211	
1806	1694	1384	1570	1710	2187	
1837	1760	1376	1539	1694	2225	
1784	1803	1411	1557	1741	2131	
1851	1696	1278	1409	1680	2144	
1769	1681	1326	1513	1625	2161	
1802	1725	1336	1537	1662	2143	
1753	1685	1225	1505	1659	2116	
1738	1758	1318	1479	1632	2122	
1782	1640	1300	1473	1656	2095	
1720	1658	1223	1470	1606	2135	
1726	1632	1261	1453	1667	2016	
1715	1685	1293	1482	1715	2039	
1722	1652	1250	1440	1585	2063	
1684	1643	1317	1449	1565	2033	
1725	1601	1261	1502	1622	2079	
1576	1612	1210	1419	1615	2048	
1687	1598	1204	1426	1577	2027	
1685	1634	1212	1442	1638	2014	
1720	1560	1273	1392	1615	1992	
1712	1614	1233	1465	1539	2005	
1656	1552	1207	1447	1536	1995	
1653	1615	1147	1326	1532	1943	
1637	1584	1223	1287	1542	1965	
1665	1542	1137	1375	1469	1956	
1593	1596	1165	1360	1544	1977	
1639	1539	1170	1324	1512	1974	
1577	1533	1142	1379	1555	1983	
1551	1490	1163	1319	1537	1897	
1535	1488	1129	1390	1543	1930	
1596	1538	1121	1352	1463	1902	
1573	1458	1161	1371	1476	1924	
1548	1505	1142	1300	1454	1874	
1588	1510	1066	1357	1479	1899	
1562	1438	1083	1390	1475	1844	
1490	1463	1079	1313	1523	1891	
1536	1467	1094	1346	1509	1849	
1539	1461	1076	1304	1514	1888	
1610	1497	1056	1325	1433	1899	
1469	1386	1047	1286	1415	1880	
1495	1418	1076	1234	1397	1777	
1463	1444	1038	1285	1435	1779	
1427	1390	1023	1240	1450	1772	
1423	1371	1060	1280	1356	1786	
1453	1364	1047	1256	1355	1745	
1449	1369	1026	1269	1360	1824	
1464	1367	1050	1253	1352	1736	
1441	1380	984	1234	1351	1740	
1367	1309	1033	1262	1363	1746	
1422	1336	1000	1213	1350	1790	
1390	1344	983	1291	1377	1654	
1435	1330	1035	1244	1300	1721	
1427	1338	989	1134	1313	1742	
1451	1304	985	1182	1399	1673	
1376	1362	1000	1191	1368	1648	
1375	1339	971	1199	1277	1666	
1366	1304	931	1214	1264	1640	
1360	1349	1015	1175	1363	1620	
1397	1277	900	1170	1254	1663	
1368	1325	978	1137	1249	1629	
1357	1223	885	1187	1299	1695	
1290	1283	991	1133	1279	1624	
1305	1276	915	1144	1285	1663	
1268	1266	972	1191	1233	1571	
1303	1257	984	1178	1295	1631	
1322	1223	920	1156	1262	1584	
1317	1256	841	1214	1251	1553	
1281	1198	866	1078	1216	1528	
1311	1187	921	1140	1223	1537	
1294	1215	928	1093	1178	1539	
1365	1218	854	1087	1241	1594	
1249	1249	877	1060	1266	1538	
1246	1177	872	1057	1248	1512	
1288	1137	890	1104	1283	1540	
1289	1272	865	1206	1159	1537	
1253	1250	849	1087	1140	1520	
1221	1176	847	1033	1177	1515	
1221	1209	875	1100	1226	1455	
1236	1182	857	1077	1176	1492	
1189	1142	822	1088	1216	1444	
1228	1144	856	1079	1151	1473	
1233	1160	875	1051	1216	1496	
1224	1135	827	1071	1188	1443	
1234	1135	843	1089	1214	1469	
1202	1078	856	1042	1117	1453	
1184	1158	828	1009	1164	1479	
1181	1128	796	1030	1144	1495	
1112	1105	786	991	1167	1427	
1156	1084	791	1029	1126	1383	
1188	1104	787	1019	1135	1361	
1166	1096	796	1024	1083	1380	
1142	1032	765	986	1152	1426	
1131	1077	818	1058	1099	1372	
1163	1107	784	1052	1157	1406	
1092	1065	778	1064	1127	1391	
1138	1095	713	1001	1077	1368	
1101	1044	796	992	1074	1347	
1163	1125	755	1042	1138	1354	
1126	1010	757	969	1108	1342	
1048	1017	751	975	1040	1360	
1127	1103	770	964	1067	1328	
1032	1068	764	951	1079	1298	
1130	1052	709	940	1075	1289	
991	1007	733	978	1057	1365	
1077	1074	713	960	1019	1291	
1059	1007	724	955	1045	1346	
1096	1037	766	918	997	1321	
1068	975	696	1002	1028	1327	
1049	1007	717	927	1038	1336	
1051	976	714	905	1040	1259	
1034	974	700	955	1026	1271	
1031	953	777	866	965	1241	
1036	973	718	932	1007	1233	
1039	978	699	927	1040	1147	
1003	969	716	869	1002	1196	
1041	982	664	851	1040	1231	
1023	1002	657	878	986	1271	
1022	926	661	927	1016	1232	
1000	950	650	894	949	1223	
993	975	696	909	961	1249	
907	959	690	880	1007	1191	
989	926	633	946	982	1178	
942	903	670	860	1012	1161	
999	930	653	847	1011	1150	
997	917	617	812	932	1119	
949	885	604	886	957	1178	
944	891	635	914	988	1143	
973	892	647	912	961	1167	
971	912	662	858	950	1114	
1000	880	626	873	954	1144	
923	809	601	838	959	1143	
968	836	633	833	919	1079	
871	852	676	765	933	1156	
931	858	621	800	952	1153	
908	881	599	849	953	1183	
994	875	610	855	890	1139	
957	885	595	849	990	1141	
919	798	602	817	922	1060	
913	840	636	857	891	1104	
846	926	578	807	928	1113	
862	843	620	777	889	1084	
881	867	619	837	910	1062	
869	822	597	838	871	1109	
911	834	619	770	888	1100	
901	863	533	787	870	1041	
837	819	564	792	837	1032	
882	799	567	793	872	1085	
837	852	564	844	873	1068	
845	840	566	795	856	1074	
867	806	589	755	803	935	
851	816	537	773	835	1025	
874	789	617	818	875	1041	
892	797	561	780	855	1027	
839	763	582	784	875	999	
827	798	545	768	853	985	
809	747	544	740	860	1045	
790	858	559	779	842	1014	
795	776	535	749	829	1042	
821	781	513	741	887	911	
763	755	516	760	844	1001	
814	758	570	784	831	1027	
857	790	488	725	787	999	
829	759	543	712	787	927	
853	745	534	734	840	932	
768	720	516	697	845	961	
819	726	529	742	835	964	
783	718	491	740	788	930	
794	693	511	681	831	959	
819	704	509	734	862	947	
775	713	530	753	782	964	
772	725	487	692	769	916	
824	698	503	718	774	906	
758	708	511	738	848	875	
781	684	513	699	744	864	
775	713	495	707	753	943	
752	689	525	668	819	906	
750	707	479	689	737	868	
732	721	499	713	792	857	
786	720	532	648	776	940	
743	689	454	724	798	852	
726	690	490	709	770	900	
748	711	461	686	737	909	
760	743	450	688	745	889	
743	691	424	685	724	863	
748	655	492	691	733	859	
746	639	437	685	700	831	
714	665	477	672	801	820	
716	706	473	713	720	927	
697	688	471	673	726	853	
658	651	456	660	751	836	
660	658	412	652	754	850	
691	727	466	682	715	826	
691	655	441	621	719	789	
690	646	429	656	705	815	
713	628	433	597	690	817	
659	679	456	649	704	842	
655	640	441	670	723	789	
695	618	467	601	721	851	
670	629	465	688	735	780	
653	627	397	606	654	809	
670	618	464	661	714	799	
646	629	430	623	738	786	
648	659	392	672	641	781	
671	664	402	657	664	742	
673	667	427	576	678	779	
666	620	460	597	684	766	
684	630	403	637	683	746	
608	605	387	586	642	771	
656	611	431	612	667	745	
648	600	394	630	654	761	
629	590	418	590	652	762	
630	560	434	559	685	746	
632	588	406	596	664	753	
611	548	397	610	617	785	
668	562	392	547	672	766	
596	563	396	612	688	746	
630	590	399	623	657	762	
633	575	357	578	646	807	
639	621	381	571	654	699	
649	583	397	610	655	747	
643	575	403	586	700	712	
568	550	414	568	656	715	
608	577	377	549	652	690	
614	566	360	582	664	698	
569	600	422	615	625	669	
578	551	380	549	613	661	
593	530	385	577	618	732	
637	544	380	558	631	668	
596	525	367	560	641	639	
569	514	400	576	619	699	
591	595	384	564	635	690	
613	592	383	521	618	656	
588	539	346	594	623	677	
550	542	352	601	617	715	
579	528	394	557	560	637	
525	509	360	583	619	652	
532	497	343	555	599	646	
603	528	351	511	605	634	
594	527	349	537	566	669	
555	503	338	507	634	632	
579	529	334	524	677	645	
615	530	361	565	606	678	
548	536	351	518	564	608	
582	499	330	508	626	658	
558	503	337	509	566	623	
543	496	353	556	589	624	
529	478	358	563	586	612	
533	481	346	555	608	619	
538	516	350	537	560	599	
520	587	334	495	564	607	
561	470	314	496	617	627	
532	477	352	492	573	598	
539	479	294	480	585	588	
543	504	322	524	594	640	
511	473	379	500	551	558	
509	497	336	502	614	591	
514	530	320	500	589	622	
539	491	308	539	516	605	
507	496	282	494	537	597	
500	443	284	507	531	565	
488	506	319	504	543	566	
512	484	292	492	521	538	
501	464	303	472	549	602	
496	454	283	478	524	613	
535	456	358	474	521	560	
444	457	288	499	538	592	
515	445	336	478	542	575	
512	498	309	445	574	570	
528	443	302	491	552	557	
466	495	301	480	508	530	
493	445	322	444	546	558	
476	462	315	471	510	552	
505	453	295	470	535	557	
494	414	312	504	518	528	
500	441	319	510	497	541	
456	460	290	446	497	561	
505	456	276	464	508	533	
456	457	324	474	543	541	
449	450	302	473	501	539	
461	432	292	471	546	541	
471	440	302	451	529	513	
468	443	274	451	510	506	
457	432	292	410	520	493	
485	437	260	433	525	540	
495	454	331	457	443	577	
465	479	285	475	528	539	
435	453	288	450	498	480	
469	448	305	468	513	516	
446	411	285	469	509	527	
472	412	255	449	477	509	
499	393	271	444	469	535	
433	423	258	426	481	510	
406	436	300	452	480	511	
432	445	286	451	446	492	
451	398	290	469	497	523	
441	413	264	464	457	461	
424	393	236	426	459	472	
452	385	245	454	485	476	
426	428	275	432	444	510	
457	390	269	441	495	511	
410	437	267	480	499	509	
444	403	281	394	508	544	
427	391	253	411	462	482	
427	379	254	425	492	482	
407	398	292	406	435	499	
392	378	251	448	468	461	
410	401	245	417	481	455	
418	396	251	445	447	492	
381	392	265	435	450	428	
417	378	296	435	517	469	
415	407	262	393	449	432	
396	370	236	418	437	426	
433	404	241	401	502	440	
415	367	256	442	454	465	
415	377	240	349	483	469	
403	362	250	396	423	469	
403	358	212	373	454	463	
392	349	252	415	479	438	
434	372	231	405	468	423	
450	362	253	423	449	438	
376	363	240	380	440	439	
402	364	238	416	440	445	
404	373	224	397	444	427	
391	415	237	384	456	411	
395	399	254	383	438	411	
369	365	206	418	446	419	
357	317	240	405	417	452	
386	360	216	408	442	444	
379	364	219	363	438	447	
390	348	210	402	461	402	
352	334	210	382	426	427	
360	361	233	392	454	423	
398	333	220	359	395	421	
392	352	221	388	422	422	
401	320	216	397	417	396	
383	350	226	360	389	452	
402	329	251	340	427	427	
367	329	227	408	414	390	
379	339	202	373	426	391	
378	333	221	360	425	368	
363	356	250	318	428	399	
352	324	216	351	430	399	
355	351	214	363	378	396	
353	333	203	373	435	394	
347	303	197	371	384	380	
352	335	205	387	403	377	
360	344	229	395	395	383	
336	338	215	376	397	354	
344	333	201	335	374	381	
359	346	203	370	399	375	
372	303	195	360	382	354	
346	311	209	361	416	345	
352	343	245	333	379	375	
348	302	219	334	417	396	
386	304	242	354	408	380	
340	287	198	371	376	364	
321	323	231	357	397	348	
338	293	207	386	382	354	
326	302	225	348	365	366	
314	351	232	355	369	332	
317	312	175	342	377	372	
358	329	208	314	374	344	
359	338	199	317	365	371	
350	348	190	349	395	369	
340	310	201	373	393	374	
352	333	225	380	354	344	
350	332	197	306	364	326	
330	321	191	334	348	386	
313	323	178	313	391	368	
280	289	194	333	374	349	
316	279	182	329	357	365	
300	258	199	329	348	349	
315	297	186	304	398	342	
288	312	217	318	381	360	
279	327	198	347	348	310	
321	292	198	306	386	349	
324	296	194	359	359	294	
340	292	190	306	356	322	
296	314	188	314	354	328	
314	281	204	314	350	333	
291	276	176	315	389	321	
305	282	187	304	354	330	
301	275	190	338	365	312	
312	291	188	318	383	321	
302	262	174	328	368	328	
266	272	177	305	321	334	
333	280	166	299	376	296	
284	289	168	334	351	342	
320	290	174	327	331	339	
313	266	185	329	318	315	
309	273	166	328	325	328	
303	261	161	291	311	300	
315	260	172	316	346	298	
318	286	154	299	332	342	
289	280	155	271	339	302	
298	287	169	273	358	320	
301	280	189	303	327	285	
277	276	167	323	309	302	
269	281	185	304	336	315	
299	280	174	323	301	318	
288	278	168	297	341	268	
290	260	174	305	328	310	
277	286	163	307	338	288	
311	269	170	286	330	313	
295	268	165	287	307	305	
294	258	179	278	321	292	
273	268	162	292	327	267	
291	247	160	266	347	297	
250	263	159	322	323	295	
312	283	166	285	333	294	
288	315	180	259	315	275	
274	241	172	300	311	296	
304	274	157	261	325	269	
286	268	159	265	281	289	
274	256	132	277	322	262	
244	248	174	277	290	289	
293	252	173	256	295	267	
288	269	168	277	311	297	
279	297	150	294	338	280	
272	283	171	270	309	244	
274	248	158	281	296	260	
262	239	169	296	295	230	
289	217	136	260	316	301	
239	231	149	300	282	290	
264	232	157	271	325	268	
249	256	155	273	279	251	
263	245	149	260	327	276	
246	261	172	299	323	282	
275	240	155	286	320	248	
265	241	147	257	300	264	
265	219	163	280	277	277	
261	238	122	282	343	261	
265	236	130	276	296	301	
251	255	152	266	273	258	
272	235	151	285	284	252	
272	244	121	273	308	242	
257	238	139	240	347	242	
253	241	135	259	290	299	
225	247	133	265	273	260	
278	241	158	264	290	286	
245	210	137	270	313	245	
239	245	135	244	261	243	
239	222	143	280	287	252	
250	211	149	247	280	254	
226	229	161	250	282	246	
232	221	134	276	282	260	
229	197	136	278	286	248	
251	217	161	256	294	265	
205	201	134	247	297	226	
244	200	131	246	282	245	
209	219	131	258	295	266	
250	228	126	214	259	249	
244	203	134	254	326	224	
240	225	136	243	302	284	
256	217	138	288	261	250	
223	218	124	232	285	233	
214	213	140	251	250	236	
221	221	145	268	261	267	
273	212	138	243	273	245	
234	206	134	250	259	239	
235	225	147	245	271	229	
236	215	131	264	253	233	
225	222	141	230	249	233	
201	208	147	230	262	242	
227	191	152	261	294	241	
211	213	142	203	264	224	
247	169	135	251	277	215	
198	208	129	238	267	219	
233	201	120	249	242	225	
232	195	116	218	262	222	
195	241	123	227	283	226	
214	195	113	244	247	215	
225	194	132	229	220	225	
222	223	114	244	243	209	
207	214	129	226	246	227	
221	194	123	250	228	225	
195	180	108	237	249	218	
217	193	118	238	246	212	
193	199	117	228	256	217	
234	200	139	225	226	219	
224	197	132	229	231	245	
225	200	105	253	271	210	
200	182	139	243	228	224	
216	183	126	237	273	246	
238	245	129	222	240	200	
185	199	122	218	230	219	
188	185	103	193	215	214	
171	194	123	224	233	193	
203	192	128	207	224	214	
219	192	118	191	251	192	
214	198	94	193	253	212	
189	194	111	205	224	206	
183	218	107	231	233	226	
203	196	120	209	237	219	
209	213	104	186	265	198	
197	190	135	225	237	193	
206	171	129	206	254	192	
216	183	122	239	226	212	
200	194	142	200	254	189	
216	185	99	227	245	196	
226	169	114	207	251	177	
219	193	114	199	240	201	
192	180	131	218	229	193	
182	201	121	232	250	201	
180	205	103	197	257	200	
194	179	118	205	213	206	
188	195	96	194	233	177	
181	165	115	225	223	187	
191	178	113	193	225	197	
172	184	111	210	218	189	
191	168	99	210	241	204	
201	196	111	191	210	193	
196	182	110	188	232	176	
203	160	104	194	233	194	
195	190	96	179	221	183	
180	180	103	187	225	175	
199	184	118	178	211	182	
177	172	118	209	232	177	
196	180	108	176	199	196	
174	158	101	198	224	174	
207	154	101	182	211	174	
184	169	84	212	246	184	
190	176	86	209	232	200	
155	162	114	196	218	167	
189	193	98	177	229	186	
191	158	102	185	198	190	
198	169	113	200	215	182	
185	169	95	199	224	176	
179	169	116	196	202	198	
180	179	91	194	223	193	
177	169	90	192	210	172	
188	169	110	216	187	187	
176	171	120	199	239	159	
156	175	111	180	211	171	
152	157	108	183	201	182	
177	179	98	186	228	187	
174	171	85	204	224	190	
183	163	100	194	227	165	
182	152	96	189	195	184	
168	170	96	172	238	194	
177	157	85	183	244	162	
177	162	107	163	226	174	
180	150	99	164	199	165	
187	177	96	205	212	146	
198	164	99	193	208	161	
172	165	90	194	195	145	
169	168	93	196	199	190	
193	175	100	180	218	177	
184	171	76	186	213	168	
193	169	90	193	197	163	
153	139	81	180	206	164	
151	168	104	173	190	164	
162	147	91	182	191	167	
185	146	109	189	222	153	
135	171	87	176	194	166	
159	162	97	169	222	161	
162	166	88	175	185	156	
174	143	103	176	185	194	
157	149	111	180	162	152	
136	139	106	172	159	148	
189	168	94	169	174	170	
158	167	98	165	179	149	
184	171	94	185	182	158	
173	173	92	170	191	163	
166	149	93	168	211	183	
147	154	75	180	173	176	
179	147	92	171	200	170	
169	146	96	151	183	160	
156	147	108	173	178	156	
150	150	68	175	194	155	
139	131	110	149	170	168	
166	144	90	192	173	145	
136	152	83	155	169	140	
150	153	94	161	189	151	
148	161	79	172	213	167	
160	160	73	173	163	164	
171	156	92	168	175	149	
157	137	89	171	185	171	
143	157	79	159	156	157	
175	143	86	162	189	151	
170	139	84	165	182	138	
144	142	100	153	184	163	
166	133	79	164	194	163	
157	146	89	182	175	136	
153	155	89	162	163	137	
141	146	94	163	181	144	
163	134	85	162	190	139	
175	146	92	151	165	165	
136	145	87	178	175	152	
160	148	87	153	169	134	
124	157	93	140	178	163	
151	145	78	146	150	133	
161	122	84	162	180	147	
146	129	83	128	183	149	
146	124	96	154	180	134	
175	130	99	146	163	146	
152	160	83	154	189	155	
150	153	104	164	169	138	
164	133	89	145	136	145	
143	125	73	157	181	144	
145	117	76	151	177	155	
137	140	72	152	193	117	
134	144	74	151	186	140	
139	137	81	148	163	134	
141	121	78	148	151	140	
143	115	76	172	163	140	
138	168	85	149	160	133	
150	112	78	160	151	151	
146	133	88	147	167	144	
145	148	80	150	175	149	
132	123	73	127	173	156	
123	147	81	169	177	124	
143	138	70	143	187	133	
155	122	76	146	163	116	
142	120	88	152	154	133	
140	129	73	134	168	134	
124	118	68	133	177	139	
129	119	63	164	165	134	
144	139	73	142	158	161	
118	129	82	167	131	117	
141	124	78	145	153	125	
135	127	87	149	167	118	
131	136	74	138	161	138	
129	111	94	126	155	109	
150	121	75	141	165	120	
123	117	83	138	164	117	
132	123	62	166	160	119	
137	114	59	143	140	131	
120	113	69	132	169	135	
128	120	81	128	144	143	
129	117	81	125	162	137	
136	116	86	155	176	141	
121	129	87	148	151	122	
127	120	80	145	154	117	
138	114	72	146	149	134	
112	133	83	143	152	117	
136	115	70	152	168	133	
126	115	60	144	165	121	
110	122	57	135	162	124	
119	122	63	141	114	112	
114	115	62	133	139	123	
120	140	76	135	161	141	
127	112	82	140	132	117	
137	119	79	130	158	119	
119	105	74	144	141	111	
110	123	66	123	154	132	
116	108	75	120	137	97	
111	107	63	127	146	103	
112	115	73	138	165	139	
128	113	86	133	140	119	
119	123	76	123	164	123	
121	98	73	152	147	112	
112	123	74	121	149	127	
113	108	74	150	133	108	
131	106	69	134	126	109	
123	103	69	137	147	108	
111	113	72	129	157	111	
116	103	68	145	140	150	
111	100	59	142	130	119	
114	109	59	125	145	132	
0	0	0	0	0	0	
0	0	0	0	0	0	
0	0	0	0	0	0	
0	0	0	0	0	0	
0	0	0	0	0	0	
0	0	0	0	0	0	
0	0	0	0	0	0	
0	0	0	0	0	0	
0	0	0	0	0	0	
0	0	0	0	0	0	
0	0	0	0	0	0	
0	0	0	0	0	0	
0	0	0	0	0	0	
0	0	0	0	0	0	
0	0	0	0	0	0	
0	0	0	0	0	0	
0	0	0	0	0	0	
0	0	0	0	0	0	
0	0	0	0	0	0	
0	0	0	0	0	0	
0	0	0	0	0	0	
0	0	0	0	0	0	
0	0	0	0	0	0	
0	0	0	0	0	0	
0	0	0	0	0	0	
0	0	0	0	0	0	
0	0	0	0	0	0	
0	0	0	0	0	0	
0	0	0	0	0	0	
0	0	0	0	0	0	
0	0	0	0	0	0	
0	0	0	0	0	0	
0	0	0	0	0	0	
0	0	0	0	0	0	
0	0	0	0	0	0	
0	0	0	0	0	0	
0	0	0	0	0	0	
0	0	0	0	0	0	
0	0	0	0	0	0	
0	0	0	0	0	0	
0	0	0	0	0	0	
0	0	0	0	0	0	
0	0	0	0	0	0	
0	0	0	0	0	0	
0	0	0	0	0	0	
0	0	0	0	0	0	
0	0	0	0	0	0	
0	0	0	0	0	0	
0	0	0	0	0	0	
0	0	0	0	0	0	
0	0	0	0	0	0	
