NanoHarp 250 Histogram Data			02/04/2021 12:12:20 PM
#channels per curve
1075
#display curve no.
0	1	2	
#memory block no.
0	1	2	
#ns/channel
1024.0000	1024.0000	1024.0000	
#counts
10	8	11	
6	14	7	
17	14	13	
20	9	12	
28	16	23	
39	30	20	
43	23	50	
79	46	43	
117	55	76	
148	70	113	
211	81	144	
256	104	186	
336	130	269	
401	142	262	
444	191	349	
543	230	395	
674	268	470	
718	289	553	
858	349	636	
966	406	670	
1035	443	780	
1111	481	864	
1186	569	950	
1324	596	1014	
1389	663	1157	
1456	708	1168	
1506	781	1250	
1675	849	1344	
1727	901	1437	
1789	934	1483	
1879	1004	1512	
1896	1089	1663	
1925	1083	1746	
2043	1227	1798	
2111	1282	1855	
2167	1322	1893	
2243	1353	1969	
2283	1395	2021	
2313	1460	2088	
2381	1528	2161	
2430	1573	2264	
2529	1541	2243	
2555	1666	2332	
2538	1768	2298	
2576	1715	2377	
2676	1796	2527	
2687	1807	2447	
2728	2000	2548	
2747	2012	2500	
2801	1978	2594	
2803	2074	2667	
2793	2077	2702	
2858	2166	2739	
2875	2185	2782	
2891	2229	2781	
2994	2178	2850	
2983	2243	2825	
2971	2315	2918	
3033	2366	2932	
3007	2282	2941	
3089	2437	2964	
3070	2370	2987	
3095	2505	3033	
3114	2508	3044	
3197	2530	3057	
3197	2546	3132	
3141	2623	3074	
3191	2605	3132	
3252	2617	3200	
3247	2668	3188	
3297	2639	3194	
3236	2784	3231	
3303	2755	3301	
3329	2713	3229	
3339	2735	3265	
3320	2843	3275	
3326	2856	3329	
3414	2864	3360	
3392	2900	3360	
3429	2904	3366	
3402	2940	3307	
3450	3016	3384	
3452	2966	3457	
3458	3015	3407	
3476	2966	3415	
3440	3019	3433	
3492	3076	3461	
3444	3065	3437	
3496	3102	3502	
3525	3152	3486	
3540	3119	3536	
3507	3100	3532	
3566	3152	3508	
3518	3194	3541	
3566	3178	3432	
3565	3229	3616	
3588	3185	3567	
3607	3239	3550	
3561	3234	3589	
3643	3232	3612	
3646	3244	3612	
3622	3298	3601	
3657	3317	3590	
3608	3258	3586	
3663	3251	3648	
3631	3381	3661	
3701	3346	3652	
3677	3437	3685	
3685	3357	3693	
3710	3337	3694	
3718	3433	3738	
3694	3421	3673	
3688	3442	3739	
3677	3395	3732	
3717	3388	3748	
3708	3502	3737	
3733	3427	3720	
3722	3514	3709	
3737	3446	3729	
3732	3463	3765	
3708	3571	3743	
3725	3547	3735	
3738	3511	3731	
3722	3568	3709	
3782	3594	3792	
3751	3499	3727	
3774	3522	3781	
3776	3532	3814	
3779	3620	3821	
3777	3580	3794	
3808	3629	3780	
3806	3510	3791	
3800	3651	3825	
3840	3610	3828	
3794	3619	3785	
3840	3660	3788	
3764	3645	3837	
3788	3667	3841	
3829	3667	3858	
3820	3692	3785	
3844	3632	3783	
3870	3765	3902	
3849	3684	3894	
3787	3696	3860	
3852	3726	3874	
3814	3709	3868	
3789	3724	3846	
3860	3730	3850	
3824	3695	3881	
3860	3714	3869	
3866	3707	3834	
3869	3758	3922	
3824	3739	3892	
3903	3753	3873	
3867	3784	3937	
3901	3769	3824	
3891	3717	3934	
3902	3835	3870	
3870	3808	3897	
3900	3820	3881	
3890	3840	3885	
3905	3795	3902	
3858	3787	3896	
3891	3814	3891	
3923	3878	3975	
3901	3830	3937	
3910	3880	3922	
3923	3799	3926	
3875	3845	3959	
3903	3860	3896	
3951	3868	3894	
3892	3919	3897	
3904	3830	3879	
3962	3930	3925	
3892	3862	3992	
3912	3878	3938	
3898	3868	3929	
3944	3890	3929	
3940	3883	3949	
3922	3871	3902	
3934	3969	3976	
3940	3948	3936	
3943	3936	3927	
3928	3948	3951	
3920	3898	3925	
3932	3950	3957	
3931	3934	3940	
3941	3907	3973	
3999	3927	3941	
3988	3928	3961	
3948	3898	3943	
3938	3933	3992	
3988	3906	3959	
3944	3899	3961	
3988	3921	3922	
4002	3960	3994	
4010	3920	3943	
3980	3958	3940	
3950	4015	3963	
3990	3941	3920	
3976	3921	4000	
3971	3944	3966	
3916	3955	3943	
3965	3972	3941	
3921	3923	3885	
3937	3942	3853	
3914	3878	3888	
3912	3896	3839	
3883	3908	3827	
3878	3859	3899	
3852	3880	3862	
3863	3815	3822	
3877	3835	3824	
3885	3858	3817	
3832	3757	3803	
3847	3758	3765	
3833	3740	3806	
3790	3857	3716	
3810	3730	3749	
3772	3758	3686	
3782	3693	3684	
3786	3682	3731	
3766	3710	3642	
3773	3667	3629	
3738	3671	3663	
3728	3609	3540	
3674	3701	3573	
3689	3632	3610	
3682	3640	3582	
3688	3657	3542	
3648	3534	3607	
3664	3623	3502	
3642	3597	3499	
3643	3603	3518	
3596	3596	3474	
3565	3503	3490	
3592	3463	3474	
3580	3500	3508	
3577	3473	3409	
3563	3456	3442	
3546	3389	3426	
3590	3413	3369	
3495	3473	3386	
3495	3388	3375	
3504	3405	3262	
3484	3337	3312	
3470	3407	3274	
3475	3348	3271	
3472	3286	3282	
3449	3266	3257	
3413	3365	3246	
3421	3261	3246	
3429	3279	3230	
3405	3274	3278	
3400	3252	3212	
3401	3211	3170	
3380	3172	3237	
3337	3169	3156	
3364	3174	3129	
3342	3191	3112	
3293	3156	3075	
3324	3121	3060	
3275	3088	3038	
3295	3090	3046	
3297	3115	3059	
3282	3041	3027	
3232	3042	2990	
3240	3047	3031	
3249	3084	3028	
3207	2901	3008	
3221	3091	2931	
3188	3013	2970	
3183	2972	2911	
3155	2981	2919	
3173	2940	2872	
3174	2923	2907	
3158	2914	2884	
3109	2932	2908	
3060	2905	2856	
3109	2862	2812	
3082	2865	2818	
3065	2808	2760	
3044	2795	2812	
3072	2812	2804	
3012	2767	2800	
3025	2827	2748	
2991	2812	2755	
3019	2746	2771	
2954	2795	2707	
3009	2730	2724	
2958	2717	2643	
2955	2735	2690	
2943	2677	2632	
2985	2680	2664	
2951	2717	2633	
2917	2729	2635	
2893	2647	2641	
2906	2574	2590	
2833	2632	2603	
2885	2614	2577	
2893	2599	2531	
2888	2592	2564	
2854	2599	2526	
2841	2550	2573	
2813	2618	2495	
2794	2583	2502	
2819	2478	2491	
2798	2569	2511	
2765	2450	2470	
2759	2519	2468	
2728	2423	2410	
2726	2459	2380	
2731	2474	2425	
2727	2478	2352	
2727	2476	2375	
2728	2411	2372	
2697	2428	2357	
2665	2369	2294	
2686	2299	2371	
2670	2363	2371	
2657	2329	2314	
2616	2340	2311	
2634	2349	2325	
2586	2327	2264	
2579	2330	2279	
2584	2266	2280	
2549	2377	2147	
2569	2284	2258	
2571	2219	2206	
2474	2245	2162	
2531	2221	2122	
2494	2203	2107	
2493	2256	2204	
2462	2245	2143	
2482	2155	2153	
2429	2165	2071	
2465	2193	2143	
2520	2182	2083	
2414	2185	2033	
2406	2130	2148	
2387	2137	2022	
2398	2189	2082	
2410	2104	1986	
2342	2023	1985	
2314	2070	2054	
2377	2120	2047	
2346	2026	2052	
2401	2116	2002	
2375	2042	2022	
2263	2013	1980	
2274	1974	1953	
2305	2030	1940	
2267	2005	1951	
2274	1889	1955	
2258	1985	1864	
2197	1927	1924	
2226	1942	1897	
2245	1908	1880	
2224	1962	1824	
2214	1914	1843	
2203	1948	1827	
2138	1909	1838	
2193	1909	1845	
2133	1901	1803	
2192	1890	1777	
2138	1841	1846	
2135	1867	1789	
2118	1802	1769	
2111	1872	1737	
2060	1818	1840	
2088	1808	1710	
2052	1815	1694	
2087	1825	1677	
2083	1770	1728	
2049	1731	1716	
2093	1692	1686	
1996	1718	1718	
1981	1763	1700	
2034	1711	1636	
2018	1703	1617	
1947	1716	1658	
1988	1698	1644	
1954	1685	1578	
1956	1775	1643	
1958	1657	1624	
1944	1699	1635	
1885	1637	1608	
1906	1626	1595	
1914	1669	1517	
1869	1710	1551	
1917	1650	1573	
1862	1640	1562	
1829	1662	1539	
1824	1571	1592	
1816	1579	1507	
1829	1581	1484	
1786	1498	1465	
1844	1536	1522	
1830	1513	1488	
1789	1561	1496	
1829	1531	1466	
1738	1504	1481	
1786	1552	1513	
1774	1533	1493	
1756	1497	1453	
1778	1503	1463	
1724	1492	1464	
1704	1494	1459	
1699	1471	1426	
1739	1411	1391	
1667	1438	1435	
1643	1439	1314	
1682	1425	1393	
1653	1434	1354	
1662	1407	1349	
1654	1430	1369	
1673	1400	1341	
1654	1368	1325	
1685	1413	1337	
1629	1377	1290	
1578	1382	1347	
1584	1388	1298	
1501	1313	1268	
1568	1352	1304	
1514	1381	1346	
1560	1376	1266	
1583	1342	1308	
1518	1363	1258	
1503	1332	1237	
1502	1297	1244	
1574	1345	1190	
1529	1312	1243	
1511	1254	1275	
1477	1284	1252	
1454	1287	1171	
1420	1307	1188	
1496	1250	1156	
1474	1268	1206	
1375	1250	1216	
1492	1242	1211	
1358	1213	1241	
1403	1260	1155	
1486	1204	1186	
1411	1222	1178	
1364	1243	1163	
1400	1174	1110	
1399	1171	1142	
1405	1205	1106	
1356	1201	1175	
1385	1159	1096	
1354	1150	1086	
1356	1157	1133	
1295	1161	1073	
1294	1145	1077	
1294	1156	1081	
1317	1113	1092	
1331	1136	1056	
1344	1080	1035	
1319	1111	1052	
1307	1122	1042	
1338	1117	1036	
1246	1081	1076	
1239	1161	1049	
1233	1095	1041	
1258	1107	1049	
1268	1093	1045	
1232	1091	1022	
1277	1061	1072	
1265	1035	946	
1197	1068	1007	
1184	1029	974	
1214	1060	997	
1136	1071	982	
1125	1024	964	
1134	1042	925	
1117	1080	980	
1200	1041	943	
1206	1024	957	
1170	1019	890	
1112	1023	943	
1110	1011	980	
1176	1041	936	
1132	992	902	
1122	1027	932	
1057	972	920	
1101	944	896	
1131	941	900	
1091	966	878	
1086	994	924	
1030	909	887	
1096	988	891	
1039	927	876	
1010	948	902	
1043	954	872	
1038	889	853	
995	855	820	
1011	938	840	
1030	923	830	
1072	919	874	
986	908	860	
990	840	841	
998	898	803	
1011	868	858	
1006	922	803	
1034	872	778	
971	852	836	
998	887	809	
949	884	806	
995	871	805	
931	857	806	
956	844	809	
982	836	817	
969	828	712	
884	868	782	
934	800	810	
927	828	778	
915	812	729	
894	834	714	
923	833	729	
912	811	726	
897	876	769	
898	814	730	
939	772	776	
892	783	735	
865	790	738	
926	803	750	
869	770	701	
862	773	698	
923	812	692	
839	751	680	
819	740	745	
873	741	690	
810	787	695	
865	747	727	
887	702	691	
812	708	720	
823	756	721	
808	761	645	
842	779	678	
805	772	659	
830	725	689	
814	741	674	
801	767	687	
787	700	667	
764	739	652	
815	774	640	
778	701	658	
808	704	598	
781	719	651	
784	678	593	
780	708	656	
769	711	626	
760	667	635	
769	702	632	
802	630	636	
771	674	625	
730	674	585	
685	658	625	
731	663	613	
750	628	622	
652	701	608	
734	673	638	
713	679	556	
737	615	578	
710	638	605	
688	638	602	
673	631	589	
701	642	568	
649	641	605	
670	643	570	
659	576	571	
671	651	572	
682	614	560	
703	654	527	
691	631	564	
639	598	497	
634	572	571	
636	622	583	
651	572	533	
628	585	535	
649	616	513	
652	626	557	
670	587	523	
660	574	558	
640	591	553	
625	605	489	
620	578	495	
614	591	522	
628	593	484	
601	590	530	
624	624	504	
577	576	545	
613	584	501	
615	597	511	
616	543	504	
600	574	539	
571	582	500	
575	576	480	
602	521	491	
594	520	511	
583	552	477	
540	532	486	
578	533	507	
534	542	435	
576	538	468	
578	508	472	
581	528	456	
557	508	507	
556	529	489	
534	495	443	
525	585	500	
560	501	473	
547	536	432	
513	528	450	
548	477	485	
523	470	456	
512	492	446	
497	497	455	
563	546	447	
514	510	423	
503	457	411	
485	480	454	
484	455	441	
549	499	410	
538	491	431	
497	465	400	
490	497	425	
462	492	448	
504	487	407	
503	480	432	
514	499	426	
484	475	421	
458	444	452	
478	435	461	
458	444	357	
483	456	407	
464	435	382	
502	399	379	
457	473	378	
441	443	386	
468	425	388	
458	453	382	
481	458	409	
453	422	379	
460	478	410	
416	456	375	
439	429	369	
426	490	400	
448	430	400	
420	439	373	
432	416	395	
426	425	375	
418	468	397	
440	416	349	
445	431	430	
410	414	369	
416	414	359	
392	447	364	
388	356	381	
395	388	361	
426	379	366	
435	408	384	
421	397	387	
415	372	341	
366	394	365	
361	378	338	
421	385	360	
427	413	379	
363	417	310	
425	398	356	
396	428	326	
382	388	326	
369	357	343	
418	368	338	
384	399	332	
374	359	347	
388	368	325	
385	376	324	
385	333	306	
410	365	319	
353	317	304	
342	373	337	
359	364	348	
350	373	318	
365	366	322	
354	383	310	
331	377	330	
363	334	315	
340	360	320	
370	373	336	
338	376	333	
331	360	332	
336	320	331	
371	344	316	
342	362	330	
356	358	299	
336	307	343	
366	324	310	
347	330	286	
306	362	287	
334	358	302	
354	308	284	
378	310	293	
327	338	315	
329	325	304	
312	363	280	
316	342	288	
318	302	292	
339	343	289	
326	357	303	
333	324	286	
295	271	265	
327	276	318	
298	354	283	
315	343	274	
298	313	297	
311	317	286	
307	337	288	
289	315	281	
269	290	268	
304	317	269	
330	305	240	
320	326	251	
278	268	276	
274	286	299	
278	307	259	
293	311	271	
286	282	261	
265	291	272	
274	321	250	
296	311	255	
299	294	264	
294	280	270	
313	274	243	
271	308	260	
276	292	261	
279	288	249	
271	271	238	
281	288	237	
273	294	234	
270	311	251	
268	274	246	
294	310	230	
264	283	265	
256	296	233	
258	287	217	
265	274	220	
292	274	246	
260	291	225	
258	287	200	
249	263	244	
259	276	230	
293	267	234	
264	269	227	
234	277	266	
280	274	208	
204	267	219	
249	259	236	
271	242	246	
250	279	238	
243	253	231	
241	259	209	
231	258	211	
235	254	217	
258	272	212	
230	252	239	
261	276	241	
270	240	193	
240	232	218	
217	256	216	
248	281	189	
236	274	213	
235	235	194	
257	236	202	
220	273	219	
241	269	215	
260	242	198	
215	263	221	
211	218	180	
187	258	194	
228	232	220	
240	250	201	
212	214	215	
217	217	208	
247	210	195	
201	226	206	
219	242	193	
217	250	219	
225	199	210	
210	221	203	
220	255	205	
239	242	209	
195	247	187	
201	229	197	
210	236	197	
206	229	184	
201	258	183	
196	255	192	
211	239	209	
208	238	202	
206	221	215	
194	231	192	
198	211	213	
203	209	194	
195	217	188	
188	202	159	
196	215	178	
222	215	179	
196	222	211	
189	197	170	
188	213	146	
188	221	175	
188	188	203	
203	201	197	
206	199	206	
176	196	167	
194	206	174	
181	214	187	
189	183	195	
174	196	182	
187	215	164	
204	188	177	
209	201	192	
192	199	142	
200	194	172	
198	224	158	
215	210	168	
192	208	171	
184	188	185	
149	213	173	
163	186	185	
167	189	179	
174	165	156	
183	205	166	
164	224	172	
168	200	166	
172	186	170	
186	198	176	
175	189	160	
182	201	160	
148	195	154	
163	161	172	
165	184	157	
180	182	158	
155	201	162	
180	175	150	
164	202	139	
160	199	151	
169	197	154	
177	175	168	
173	170	169	
162	192	138	
158	177	155	
155	174	141	
165	165	148	
173	183	157	
175	208	141	
164	198	159	
171	169	134	
173	168	174	
161	185	155	
187	165	149	
160	162	166	
168	166	139	
162	157	135	
147	167	142	
169	155	156	
149	168	137	
166	160	135	
148	162	136	
149	168	153	
151	171	158	
128	163	164	
152	150	156	
162	151	134	
153	155	119	
169	152	145	
145	163	145	
171	162	150	
129	147	122	
160	155	140	
145	162	134	
139	159	134	
138	155	137	
162	147	154	
126	158	124	
157	155	127	
124	161	128	
131	155	146	
146	161	155	
148	150	142	
134	145	153	
131	162	128	
153	155	127	
126	159	122	
149	158	132	
131	171	134	
150	148	113	
149	159	132	
144	150	145	
145	161	129	
132	123	110	
133	163	124	
130	151	118	
120	139	111	
142	134	110	
137	138	115	
122	136	114	
144	152	115	
136	141	109	
124	114	135	
146	144	103	
122	150	125	
139	144	145	
108	140	112	
137	134	131	
118	155	131	
117	132	115	
125	146	102	
142	150	118	
124	158	109	
122	102	114	
134	138	121	
111	123	108	
108	134	127	
127	159	143	
123	144	123	
109	141	125	
122	123	133	
115	115	122	
119	127	135	
101	152	110	
120	138	107	
126	143	111	
116	148	122	
118	149	95	
106	121	110	
119	122	107	
109	107	114	
112	143	101	
120	134	112	
105	125	111	
120	138	125	
115	122	106	
108	121	110	
112	117	108	
98	145	108	
125	132	96	
112	127	121	
116	127	98	
112	120	104	
98	129	96	
108	109	90	
116	126	81	
125	142	103	
118	121	97	
90	124	93	
109	120	124	
121	111	126	
106	126	106	
101	129	119	
109	110	98	
95	128	101	
110	123	110	
97	126	112	
134	120	97	
104	98	95	
97	104	110	
96	118	92	
92	105	96	
100	124	99	
99	134	115	
96	115	89	
114	114	78	
86	126	105	
101	98	85	
85	105	101	
112	108	101	
120	111	98	
84	97	98	
117	121	97	
105	116	89	
94	112	100	
97	94	83	
104	107	84	
110	104	104	
84	117	98	
104	113	81	
108	98	83	
94	119	93	
81	97	92	
93	114	99	
100	112	83	
91	94	98	
99	125	94	
95	111	96	
82	134	98	
85	118	105	
98	105	109	
98	108	96	
88	91	91	
85	122	92	
100	109	79	
98	108	90	
88	104	89	
98	108	92	
89	92	82	
95	110	81	
90	109	79	
84	103	107	
78	98	83	
80	83	90	
103	118	84	
83	104	85	
79	102	60	
79	110	87	
90	110	83	
95	113	71	
73	91	77	
87	118	90	
82	94	82	
80	105	76	
75	103	89	
80	98	82	
0	0	0	
0	0	0	
0	0	0	
0	0	0	
0	0	0	
0	0	0	
0	0	0	
0	0	0	
0	0	0	
0	0	0	
0	0	0	
0	0	0	
0	0	0	
0	0	0	
0	0	0	
0	0	0	
0	0	0	
0	0	0	
0	0	0	
0	0	0	
0	0	0	
0	0	0	
0	0	0	
0	0	0	
0	0	0	
0	0	0	
0	0	0	
0	0	0	
0	0	0	
0	0	0	
0	0	0	
0	0	0	
0	0	0	
0	0	0	
0	0	0	
0	0	0	
0	0	0	
0	0	0	
0	0	0	
0	0	0	
0	0	0	
0	0	0	
0	0	0	
0	0	0	
0	0	0	
0	0	0	
0	0	0	
0	0	0	
0	0	0	
0	0	0	
0	0	0	
